3 8 6
~ 
0 0 3 8 1 
-0.201 -0.918 0.154 0.433 0.162 -0.716 0.056 -0.683 -0.101 -0.408 -0.136 -0.275 -0.304 0.94 -0.388 -0.974 -0.954 0.468 0.357 -0.123 -0.745 -0.879 0.617 -0.392 
~ 
0 1 1 8 1 
0.45 0.431 -0.598 -0.511 0.364 -0.186 -0.864 0.832 
~ 
1 0 8 6 1 
0.847 -0.672 0.844 0.371 -0.972 0.366 -0.007 -0.262 -0.156 -0.806 0.831 -0.169 -0.728 0.739 0.355 -0.381 0.521 0.999 -0.605 -0.551 0.528 -0.087 -0.897 -0.206 0.992 -0.173 0.764 0.906 -0.156 0.21 -0.538 0.637 -0.068 -0.285 0.35 -0.967 0.083 0.786 -0.063 -0.282 0.27 0.3 0.338 0.369 0.199 -0.214 -0.836 0.082 
~ 
1 1 1 6 1 
0.698 0.552 -0.4 0.648 -0.29 -0.434 
